000010001100
000010001100


000000101101
000100010111


000100010111
000100010111


000001001001
000100110011


000010000101
000110100011


001000100101
001000100101


000010001100
000010001100


000010001100
000010001100


000001000100
000011000110


001001110011
001001110011


000111110001
000111110001


000111110001
000111110001


000000110001
000100011011


000010001001
000010001001


000001000111
000011001001


000011001001
000011001001


000000111010
000100100100


000100100100
000100100100


000000100100
000100001110


000100001110
000100001110


000010001100
000010001100


000001111011
000011100011


000011100011
000011100011


000000111110
000010001100


000010001100
000010001100


000010001010
000010001010


000010001011
000010001011


000010001100
000010001100


000010000100
000011010010


001001011000
001001011000


000010001100
000010001100


000010001000
000010001000


000000100100
000011011010


000011011010
000011011010


000010001011
000010001011


000010001011
000010001011


000010001011
000010001011


000000101110
000100110010


000100110010
000100110010


000010000100
000101010100


000101010100
000101010100


000000111010
000100111110


000100111110
000100111110


000001111111
000001111111


000010001011
000010001011


000001000011
000011011111


000110100010
000110100010


000110100010
000110100010


000000110010
000100011100


001001001010
001001001010


001001001010
001001001010


000000111010
000010111100


001001000010
001001000010


000010001100
000010001100


000001111100
000001111100


000010001000
000010001000


000001101011
000101101111


000101101111
000101101111


000000111000
000011101110


001001110100
001001110100


000000011100
000011101100


001010011001
001010011001


001010110011
001010110011


000010001101
000010001101


000000111000
000011010100


001010000001
001010000001


001000110011
001000110011


000001010010
000010111010


000100001000
000100001000


000100001000
000100001000


000010001001
000010001001


000010001100
000010001100


000001110010
000001110010


000010001000
000010001000


000001010110
000101000000


000000100000
000010111100


000111110100
000111110100


000010000101
000010111001


000101010101
000101010101


000101010101
000101010101


000010001011
000010001011


000010000101
000101010101


000101010101
000101010101


000000011111
000010000111


001000001101
001000001101


001000001101
001000001101


000000100100
000011110100


000011110100
000011110100


000000110010
000100110110


001010110010
001010110010


000001010110
000011110010


000011110010
000011110010


000000110111
000101010101


000101010101
000101010101


000010000101
000100100001


000100100001
000100100001


000010000101
000100100001


000100100001
000100100001


000000110010
000011001110


000011001110
000011001110


000010001100
000010001100


000010001100
000010001100


000001010000
000100000110


001010001100
001010001100


000001011001
000001011001


000010001100
000010001100


000010000101
000011101101


000011101101
000011101101


000010001101
000010001101


000010001010
000010001010


000010001100
000010001100


000010010111
000010010111


000001001011
000100000001


000000100100
000011000000


000011000000
000011000000


000010001010
000010001010


000001011000
000001011000


000010011000
000010011000


000001100011
000110000001


000001111101
000001111101


000010000110
000101010110


000000110010
000010011010


000010011010
000010011010


000000111101
000101000001


000010000110
000101010110


000000101111
000001100011


000111101001
000111101001


000001100010
000010110000


000010110000
000010110000


000010001100
000010001100


000001000111
000011001001


000011001001
000011001001


000010011010
000010011010


000001111111
000001111111


000001111100
000001111100


000010000100
000100111010


000100111010
000100111010


000010011001
000010011001


000010000101
000110001001


000010001100
000010001100


000001000011
000001110111


000101100001
000101100001


000111001001
000111001001


000010000101
000101010101


000101010101
000101010101


000000111111
000001110011


000001110011
000001110011


000010000111
000100111101


