000010000000
0
000010000000


000010000000
0
000010000000


000000110111
1
000101010101
0
000101010101


000000101011
1
000010101101
1
001000110011


000000100100
1
000100101000


000001110000
0
000001110000


000001100100
0
000001100100


000010000100
1
000110001000


000000100101
1
000010100111
0
000010100111


000010000100
1
000101101110
0
000101101110


000010010101
0
000010010101


000010010011
0
000010010011


000000011110
1
000100100010
0
000100100010


000000111100
1
000100100110
0
000100100110


000010001100
0
000010001100


000010000101
1
000101010101
0
000101010101


000010001100
0
000010001100


000010000110
1
000100100010
0
000100100010


000010001000
0
000010001000


000001010111
0
000001010111


000010011001
0
000010011001


000000110000
1
000100110100


000001101101
1
000110001011
0
000010000111


000001110010
0
000001110010


000010010111
0
000010010111


000010010110
0
000010010110


000001111111
0
000001111111


000010001101
0
000010001101


000010010011
1
000101100011
1
001000011001
0
001000011001


000010000110
1
000100001000
0
000100001000


000010000100
1
000011101100
0
000011101100


000001001011
0
000001001011


000010001000
0
000010001000


000000110010
1
000100011100
1
000111111100
0
000111111100


000010001100
0
000010001100


000000101001
1
000100101101
0
000100101101


000010001001
0
000010001001


000000100011
1
000101000001
1
000100000000
0
000100000000


000010010010
1
000101100010
1
001000111111
0
001000111111


000010001100
0
000010001100


000010010001
1
000110101111
1
000011101100
1
000100100000
0
000100100000


000010010001
1
000101000111
0
000101000111


000010000111
0
000010000111


000001001011
0
000001001011


000000111110
1
000001110010
0
000001110010


000001001001
1
000101100111
1
000101001101
0
000101001101


000001111011
0
000001111011


000000100101
1
000100001111
1
000111001000
0
000111001000


000001001100
0
000001001100


000010001100
0
000010001100


000000111100
1
000011110010
0
000011110010


000000100101
1
000100001111
1
001010001011


000010010011
0
000010010011


000001100101
0
000001100101


000001110010
0
000001110010


000000101001
1
000010101011
1
001000110001
0
001000110001


000010001100
0
000010001100


000001011001
0
000001011001


000000100100
1
000001011000
1
000011001101
0
000011001101


000001000111
1
000010010101
1
000111110100


000000100100
1
000100001110
0
000100001110


000010000110
0
000010000110


000001001011
0
000001001011


000010000110
1
000110001010


000000100100
1
000100101000


000001000110
1
000101001010
0
000101001010


000000111111
1
000011110101
1
001001110001


000000110010
1
000100110110
1
001010110010


000000110010
1
000100110110
1
000111101111
0
000111101111


000010001010
0
000010001010


000001110111
1
000101111011
0
000101111011


000000111110
1
000101000010


000000110001
1
000011100111
0
000011100111


000001010011
1
000100100011
0
000100100011


000010001001
0
000010001001


000001001000
1
000101001100


000010000111
1
000100111101


000001101100
1
000100001000
0
000100001000


000010010100
0
000010010100


000010001101
0
000010001101


000010001101
0
000010001101


000010010011
1
000101100011
0
000011100001


